image_i,image_j,keypoints_i,keypoints_j,raw_matches,filtered_matches,ransac_inliers,inlier_ratio,mean_epipolar_error_all,median_epipolar_error_all,mean_epipolar_error_inliers,median_epipolar_error_inliers,max_epipolar_error_inliers,fundamental_matrix
IMG_5581.JPG,IMG_5585.JPG,4000,4000,4000,1865,1611,0.8638069705093834,3.306555987701564,0.422681277767838,0.3930147831145757,0.3532220533410282,0.9992549882380364,"[[1.344266604764369e-07, 3.0529079874257356e-06, -0.0029685098700763424], [-1.9064845312230748e-06, 4.063729679864589e-07, -0.01596298750901061], [0.0025019555948268086, 0.01448201412232019, 1.0]]"
IMG_5581.JPG,IMG_5589.JPG,4000,4000,4000,1815,1495,0.8236914600550964,2.5940122569342794,0.31627791377789977,0.28538757829360184,0.24929772189836444,0.9819813606701595,"[[4.5998087341705734e-08, 8.909486308331904e-07, -0.0008150136566671882], [2.5649319173415027e-08, 5.685143830900306e-07, -0.015875331053296513], [0.0007453514849953711, 0.014370842867551095, 1.0]]"
IMG_5581.JPG,IMG_5598.JPG,4000,4000,4000,699,439,0.6280400572246065,10.097396135865733,0.7122410916207396,0.3995832072722375,0.33816825818858576,0.9900610713469848,"[[2.0058011871840124e-08, 1.0432237241090298e-06, -0.00045488381108711544], [1.9791950596076814e-06, 1.628967520916293e-07, -0.009995959678567352], [-0.0007552094083490237, 0.008227873055517178, 1.0]]"
IMG_5581.JPG,IMG_5603.JPG,4000,4000,4000,319,229,0.7178683385579937,29.949141530963047,0.5295900652013308,0.3877049806066261,0.34980604199546084,0.9992587109012314,"[[1.1477600818996488e-08, 1.5399295724590082e-06, -0.0007594395612914739], [2.0362369255995817e-06, -9.128182981081977e-09, -0.0075474375391290675], [-0.0009815072126420298, 0.0056711767501623255, 1.0]]"
IMG_5581.JPG,IMG_5607.JPG,4000,4000,4000,214,117,0.5467289719626168,48.78268106854996,0.7917816537400435,0.38767932875209854,0.39360022215333174,0.9963353932860755,"[[5.125023057014823e-08, 1.4789979278533945e-06, -0.0007996000410774176], [1.510571120348536e-06, -3.7116052753455424e-08, -0.004732123162287354], [-0.000726138776045585, 0.0029706068721159057, 1.0]]"
IMG_5581.JPG,IMG_5612.JPG,4000,4000,4000,221,131,0.5927601809954751,83.59020056935084,0.7077939441117527,0.3935159616141273,0.3900490618711162,0.9375891375781257,"[[6.140299439577292e-08, 1.3235470955018805e-06, -0.0007602798593464682], [1.1399202634216966e-06, 5.7042047406158764e-08, -0.0031488821895069405], [-0.0006085931736125922, 0.0014923357295869926, 0.9999999999999999]]"
IMG_5581.JPG,IMG_5617.JPG,4000,4000,4000,208,121,0.5817307692307693,117.51128134577665,0.7458090391666443,0.37054626600545204,0.33760640009479964,0.9541521695135317,"[[5.696882912353579e-08, 1.133225616248405e-06, -0.0006456428489867234], [1.2040830372556346e-06, 1.4678068329834771e-08, -0.0027023906130959384], [-0.0006938155706270784, 0.001210217401456912, 0.9999999999999999]]"
IMG_5581.JPG,IMG_5620.JPG,4000,4000,4000,181,102,0.56353591160221,110.65963711938987,0.7155566736450388,0.3105943704673962,0.22687378914271134,0.9187933378790031,"[[8.189020145361162e-08, 1.1382147145515755e-06, -0.000688465558494765], [1.0012080174631752e-06, 5.463023186072391e-08, -0.0022774876191264267], [-0.0005945585866131592, 0.0007632924845881314, 1.0]]"
IMG_5581.JPG,IMG_5626.JPG,4000,4000,4000,174,89,0.5114942528735632,97.29638803329505,0.8596888203358677,0.3096942204838769,0.2657620224574701,0.9449070769171811,"[[1.2053047827773098e-07, 1.0827825542499195e-06, -0.0006892810171926238], [9.093396146910211e-07, 9.750976147172153e-08, -0.0019812954434470626], [-0.0005641133802506119, 0.0005139905469794508, 1.0]]"
IMG_5581.JPG,IMG_5632.JPG,4000,4000,4000,145,78,0.5379310344827586,95.03438487652372,0.6706038576057402,0.3100546562064229,0.2633047377058714,0.9942473293083278,"[[7.556018160544241e-08, 1.0624349036188864e-06, -0.0006404950791773055], [1.0147925746243446e-06, 3.570201357737339e-08, -0.0019360748123961901], [-0.0006568473939026898, 0.0005174540920472815, 1.0]]"
IMG_5581.JPG,IMG_5637.JPG,4000,4000,4000,140,68,0.4857142857142857,126.79794478272358,1.025465837551686,0.33351482675803407,0.3064917660773845,0.9733530192440764,"[[6.023938457496469e-09, 1.286896396227324e-06, -0.0007148372062408745], [1.2669598127779276e-06, 4.8282375464309507e-08, -0.00242736631853819], [-0.0007542027540187822, 0.0007853332681550422, 1.0]]"
IMG_5581.JPG,IMG_5642.JPG,4000,4000,4000,137,71,0.5182481751824818,140.59899184177468,0.9100815597505943,0.34407482366525916,0.27798256690086715,0.9211209594613048,"[[-1.302732254699107e-07, 1.307154537574517e-06, -0.0006281602420233381], [1.597543892665071e-06, 9.707501385038065e-08, -0.002992558203994862], [-0.0010196315203670747, 0.0013101177248100798, 0.9999999999999999]]"
IMG_5581.JPG,IMG_5646.JPG,4000,4000,4000,124,60,0.4838709677419355,159.95259915624075,1.1684076533130208,0.3399911048239914,0.3006135266928963,0.9684106735534396,"[[-3.2902385823750977e-07, 1.2167994371872797e-06, -0.0002710104507306395], [1.9134061020069703e-06, 2.249520942351402e-07, -0.0036324855282004334], [-0.0012681047992854208, 0.00182378824112979, 1.0]]"
IMG_5581.JPG,IMG_5651.JPG,4000,4000,4000,201,106,0.527363184079602,99.64463261339624,0.7450045635065764,0.29401223868813076,0.22737925560548503,0.9390698892674596,"[[-5.882051255305311e-07, 4.960043278258181e-07, 0.0006398023968714083], [1.7498435294952987e-06, 5.349638174096217e-07, -0.0036880303170125925], [-0.001516622557349287, 0.002010759546777105, 1.0]]"
IMG_5581.JPG,IMG_5655.JPG,4000,4000,4000,193,97,0.5025906735751295,108.61440802062296,0.9943879188265573,0.3874968714043452,0.36680527807345487,0.9943879188265573,"[[-8.395461576281195e-07, 5.550939332319514e-07, 0.0011149086322927125], [2.0598786259884386e-06, 7.773503238095341e-07, -0.00492029405637467], [-0.0019024600127109889, 0.0027525406000664626, 1.0]]"
IMG_5581.JPG,IMG_5661.JPG,4000,4000,4000,672,424,0.6309523809523809,15.994373157214422,0.741950599991299,0.45319412413656873,0.4563243462319375,0.9968373311111877,"[[-1.285655184804349e-06, -3.803693135401911e-06, 0.010473126814389853], [2.6978432506512767e-06, 2.1417715866965296e-06, -0.010006958573916088], [-0.00894876477975086, 0.008602183864270082, 1.0]]"
IMG_5581.JPG,IMG_5665.JPG,4000,4000,4000,761,528,0.6938239159001314,16.808316701570956,0.6301000778108309,0.4146207047722958,0.3616208171708484,0.997416256069521,"[[-4.139914408148297e-06, 8.360098665917336e-06, -0.026112765391912887], [-2.7872311583380686e-06, 3.661527155103504e-06, -0.011769396436353267], [0.029484804159153635, 0.0030694856037683455, 1.0]]"
IMG_5581.JPG,IMG_5674.JPG,4000,4000,4000,749,470,0.6275033377837116,17.0441581119409,0.6423814883554035,0.3857016892568438,0.3464376746516907,0.9875063901738194,"[[-1.1899139297588162e-08, -2.0427613039187534e-06, 0.0011572361026936], [3.6557042745451203e-07, 7.046579434819859e-07, -0.006565928887760702], [-0.000222893876159071, 0.005999737186156052, 1.0]]"
IMG_5585.JPG,IMG_5589.JPG,4000,4000,4000,1850,1722,0.9308108108108109,2.3127690307720146,0.22494237997829192,0.26493412437339403,0.19840899707352044,0.9778175510854948,"[[3.2964312305711704e-08, -7.392349639711185e-07, 0.005658193506822303], [2.4262953508601456e-07, 9.261258187913797e-07, -0.05017885998470938], [-0.004662364676927076, 0.0489944265377724, 1.0]]"
IMG_5585.JPG,IMG_5598.JPG,4000,4000,4000,958,781,0.8152400835073069,4.159377528235356,0.47735327963524343,0.40583031488056615,0.36852082602680314,0.9959556652842751,"[[-7.258225435276626e-08, 7.407422684116989e-07, -1.0555181848023925e-05], [3.5794275447176744e-06, -2.7919183880001536e-10, -0.017481768404969275], [-0.0017593980966661591, 0.01540728347912276, 1.0]]"
IMG_5585.JPG,IMG_5603.JPG,4000,4000,4000,447,348,0.7785234899328859,19.25018190619241,0.43476885791762643,0.36122526192932963,0.30750843217404855,0.9951583826420733,"[[-1.7728608647317948e-08, 1.7134069282158527e-06, -0.0008393524626268717], [2.712263994337047e-06, -1.8040673691747594e-07, -0.010525689199296808], [-0.001401516997742324, 0.008462441622781817, 1.0]]"
IMG_5585.JPG,IMG_5607.JPG,4000,4000,4000,283,181,0.6395759717314488,46.293348487345156,0.5401213821107785,0.3226371614058366,0.2660914665891843,0.9408079527907033,"[[-1.7525915454631614e-08, 1.7275273825141274e-06, -0.0008287671031012356], [1.6078733775742324e-06, -4.5348625498657033e-10, -0.0059276063070285365], [-0.000818773369934949, 0.003903397395831961, 1.0]]"
IMG_5585.JPG,IMG_5612.JPG,4000,4000,4000,268,174,0.6492537313432836,50.34389540303524,0.6423880375001896,0.36992621520386987,0.29547317894749836,0.990500978493329,"[[4.89587509972376e-08, 1.387429056302257e-06, -0.0008149846850334146], [1.0938259919996115e-06, 6.398682279588988e-08, -0.0034366694418406763], [-0.0005852369126736236, 0.0017222103195410276, 1.0]]"
IMG_5585.JPG,IMG_5617.JPG,4000,4000,4000,241,153,0.6348547717842323,78.56013441923025,0.5728297411750054,0.3670565860949926,0.35468291970366567,0.9876860457509267,"[[5.075268131053886e-08, 1.1942269178541515e-06, -0.0007160421766070227], [1.0121514094380567e-06, 7.781089620757477e-08, -0.0027124098974069307], [-0.0005931506716557333, 0.0011642616437782577, 1.0]]"
IMG_5585.JPG,IMG_5620.JPG,4000,4000,4000,226,146,0.6460176991150443,88.82087618267454,0.3944024567399729,0.25602239114076375,0.23544055647809542,0.9043888188253008,"[[1.65869994954254e-07, 1.1194437530654196e-06, -0.0008280456364294923], [6.570298401887571e-07, 7.589643189434868e-08, -0.0020010325735142546], [-0.0003891370735943457, 0.0005859793934128028, 1.0]]"
IMG_5585.JPG,IMG_5626.JPG,4000,4000,4000,187,125,0.6684491978609626,66.61455517628816,0.5391143419964177,0.376186255445683,0.38126104665535326,0.9841996252458627,"[[7.74743812709797e-08, 1.0995852675597169e-06, -0.0006941636580371009], [9.521423824361908e-07, 8.043827139167963e-08, -0.00216221454263584], [-0.0005927151097172408, 0.0006796920078051444, 1.0]]"
IMG_5585.JPG,IMG_5632.JPG,4000,4000,4000,162,105,0.6481481481481481,94.36097057246192,0.5889296257436729,0.34867968714710884,0.3123982498920671,0.9674763432002234,"[[1.0632479789067998e-07, 1.0659657656380151e-06, -0.0007139464382832711], [7.383164271839034e-07, 1.2245115985706466e-07, -0.0017997270012420276], [-0.00048737678887955606, 0.0003526241416106134, 1.0]]"
IMG_5585.JPG,IMG_5637.JPG,4000,4000,4000,173,105,0.6069364161849711,90.08984216466777,0.6055924156767152,0.2988259737049333,0.2344622679288175,0.9499315138261168,"[[2.3346488887354375e-08, 1.2830271704927135e-06, -0.0007756705087732149], [1.0596604636802973e-06, 9.160605344147842e-08, -0.0023509030233638834], [-0.0006466815165337982, 0.00071334840512756, 1.0]]"
IMG_5585.JPG,IMG_5642.JPG,4000,4000,4000,144,84,0.5833333333333334,82.57697852840677,0.6708807453347416,0.3188542392722202,0.24922259126712068,0.9670803792649664,"[[-1.6947014718979377e-07, 1.287885279887544e-06, -0.000595899646366261], [1.6319280664285478e-06, 9.067385724336196e-08, -0.003232381403176829], [-0.0010752312862621065, 0.0015135063457436307, 1.0]]"
IMG_5585.JPG,IMG_5646.JPG,4000,4000,4000,170,103,0.6058823529411764,89.55258684432185,0.6791035911292462,0.3741577015023053,0.354623667245567,0.9821380907969421,"[[-3.811356104032594e-07, 1.231599402827986e-06, -0.00021108855211865373], [1.834538272042257e-06, 3.040403225437408e-07, -0.0038701938217742993], [-0.0012754585931849987, 0.0019450776827684981, 1.0]]"
IMG_5585.JPG,IMG_5651.JPG,4000,4000,4000,228,138,0.6052631578947368,74.72654854436695,0.5275425762136134,0.271316314071175,0.14883482934456393,0.9855521427423791,"[[-5.029885081218262e-07, 5.336361454995118e-07, 0.0005806811337604475], [1.372018228313771e-06, 6.40381312763419e-07, -0.003641009388869376], [-0.0012999685949806742, 0.0018894188541792305, 1.0]]"
IMG_5585.JPG,IMG_5655.JPG,4000,4000,4000,215,130,0.6046511627906976,73.94266887980608,0.6774209370760297,0.40773865268388776,0.4043371748231914,0.9895707821714553,"[[-8.357582555805806e-07, 6.673056788986263e-07, 0.0012046270046961287], [1.7171411605178879e-06, 9.071083043920132e-07, -0.005171229192515809], [-0.0018519637518538492, 0.0028891889506690183, 1.0]]"
IMG_5585.JPG,IMG_5661.JPG,4000,4000,4000,823,556,0.675577156743621,14.407837050134038,0.5922461035028077,0.3810488906588764,0.3333309918352606,0.9989689127214867,"[[-7.501249129317779e-07, -4.812062610973217e-06, 0.011228269344418382], [3.1014433778793458e-06, 1.5380041229738705e-06, -0.008502201571046045], [-0.010096939052298427, 0.007908331038271668, 1.0]]"
IMG_5585.JPG,IMG_5665.JPG,4000,4000,4000,783,567,0.7241379310344828,9.396751660135555,0.5289143864237668,0.38945997949238575,0.36779624005977324,0.9980004962164774,"[[9.353392956874273e-06, -9.508049355432618e-06, 0.037062075319275696], [5.443095860902805e-06, -8.492158080691328e-06, 0.030314090847415178], [-0.04911648126081195, -0.016254228023023277, 1.0]]"
IMG_5585.JPG,IMG_5674.JPG,4000,4000,4000,687,455,0.6622998544395924,15.68699323132968,0.6088693032904837,0.39625241227429375,0.34599794819373686,0.9850493087606544,"[[2.9375570108396133e-08, -2.987862250304398e-06, 0.001738376460830523], [-1.3086309402547118e-07, 9.327685145665012e-07, -0.009151133788991288], [-1.05242987922981e-07, 0.008862889917778737, 0.9999999999999999]]"
IMG_5589.JPG,IMG_5598.JPG,4000,4000,4000,924,634,0.6861471861471862,5.070711402327779,0.5063136243682607,0.35857207472459335,0.30078730522053576,0.9997825148736739,"[[-2.1842082808483197e-07, -1.6600306767331492e-06, 0.001666070637050385], [1.416397863047448e-05, -1.3778724076846918e-06, -0.051360922095747996], [-0.0071738559952636395, 0.04881325995645099, 0.9999999999999999]]"
IMG_5589.JPG,IMG_5603.JPG,4000,4000,4000,481,313,0.6507276507276507,20.26595411504712,0.5461683116388905,0.3339859211253839,0.28153931031195234,0.9950469849870063,"[[-2.2915581323145334e-07, 2.1150933032110533e-06, -0.0005881799317789201], [6.2678441643906584e-06, -8.216222541632443e-07, -0.019823643312401912], [-0.003673528141113443, 0.01734447717309831, 1.0]]"
IMG_5589.JPG,IMG_5607.JPG,4000,4000,4000,268,185,0.6902985074626866,42.35446581514429,0.5124301519877509,0.34805597499804314,0.3155693781402931,0.9920244576834122,"[[8.982954702891179e-09, 1.8160350768656436e-06, -0.0009639274263702402], [2.0176509072408336e-06, -9.753856874540447e-08, -0.006813595439859468], [-0.001016340860982811, 0.004781365873400616, 1.0]]"
IMG_5589.JPG,IMG_5612.JPG,4000,4000,4000,249,148,0.5943775100401606,75.70450652697834,0.6773892833359894,0.36889358160406144,0.3557614298910134,0.9299072273066684,"[[3.942612326753338e-08, 1.4044560793498656e-06, -0.0008803411734517723], [1.4172530020658712e-06, -7.287269845448249e-08, -0.0037207147599722717], [-0.0008239512463615333, 0.002148227129223883, 1.0]]"
IMG_5589.JPG,IMG_5617.JPG,4000,4000,4000,217,133,0.6129032258064516,78.74371460417048,0.49438184625628107,0.2806759677587517,0.2222519866286323,0.9081907598747743,"[[7.141499596079579e-08, 1.1841750930196912e-06, -0.0007730597265990115], [1.219887851190367e-06, -2.261235444454154e-08, -0.0028541251928064456], [-0.0007380630943750309, 0.001435596549498048, 1.0]]"
IMG_5589.JPG,IMG_5620.JPG,4000,4000,4000,187,115,0.6149732620320856,88.78273095346705,0.5350022781619108,0.3055953333832278,0.2744089670006942,0.9966571754878335,"[[5.741302182098142e-08, 1.1989068403697575e-06, -0.0007686172587604882], [1.0809236135763897e-06, 2.0405064134886705e-08, -0.002465353656849558], [-0.0006710840460617986, 0.0009840257961156139, 1.0]]"
IMG_5589.JPG,IMG_5626.JPG,4000,4000,4000,171,97,0.5672514619883041,109.26785380845104,0.7598814389871349,0.35848257941853245,0.28384819822859886,0.9487459834388519,"[[7.996642191683513e-08, 1.1324063723943823e-06, -0.0007353359370873014], [1.128394004172903e-06, 1.633228117703198e-08, -0.0022956572093630564], [-0.0007128268295880721, 0.0008790542434105729, 1.0]]"
IMG_5589.JPG,IMG_5632.JPG,4000,4000,4000,144,83,0.5763888888888888,97.13345504891376,0.6762655730271494,0.3374895551971586,0.31128196371986133,0.9393007550988599,"[[4.149279588262381e-08, 1.1166466601464307e-06, -0.0006893573917504968], [1.0419523188557688e-06, 5.690426924124205e-08, -0.0020859366577734256], [-0.0006828400122056103, 0.0006372863616785223, 1.0]]"
IMG_5589.JPG,IMG_5637.JPG,4000,4000,4000,138,71,0.5144927536231884,99.00369258869287,0.931002214659482,0.37600264001955735,0.3438159127654132,0.9428635008993885,"[[-3.552788079602914e-08, 1.367950448257116e-06, -0.0007870936664522876], [1.389710217355955e-06, 2.4994043038248235e-08, -0.0026897376974197415], [-0.0008564202802295015, 0.00103611348102405, 1.0]]"
IMG_5589.JPG,IMG_5642.JPG,4000,4000,4000,131,70,0.5343511450381679,103.24524912426857,0.7525089604161854,0.37559703782546683,0.36619301062975346,0.9520746464420661,"[[-1.238048965753303e-07, 1.3837180018905814e-06, -0.0007424993265377664], [1.5936905178588045e-06, 1.1512017201924606e-07, -0.003247476327777768], [-0.0010594937833406492, 0.0015459503029088839, 0.9999999999999999]]"
IMG_5589.JPG,IMG_5646.JPG,4000,4000,4000,128,64,0.5,123.19092413795761,1.0218755254466645,0.44536757061847787,0.5198179317118541,0.9787196901093815,"[[-3.6799415043138977e-07, 1.3334644735435629e-06, -0.0003525647270352897], [1.9777958690904687e-06, 2.6337868506580045e-07, -0.004024523966388671], [-0.0014116041849775512, 0.0021622971984934704, 1.0]]"
IMG_5589.JPG,IMG_5651.JPG,4000,4000,4000,216,115,0.5324074074074074,63.802904039651516,0.8602732276323589,0.32117698431527264,0.28193517520750333,0.9836070221459846,"[[-4.714251797082719e-07, 6.593642659439935e-07, 0.00044020983599694094], [1.3108020892473328e-06, 6.930569663890898e-07, -0.003751362097129037], [-0.0012642371840877354, 0.0019486994739045598, 1.0]]"
IMG_5589.JPG,IMG_5655.JPG,4000,4000,4000,190,107,0.5631578947368421,74.90343552414203,0.7697131007686834,0.39145179919563466,0.37218846779453413,0.9747588977424555,"[[-1.3369546815903522e-06, 1.1069479887217292e-06, 0.001786443576044518], [2.384181238652374e-06, 1.1571010429194692e-06, -0.007240715306351964], [-0.0028229074481847475, 0.00447769398602752, 1.0]]"
IMG_5589.JPG,IMG_5661.JPG,4000,4000,4000,798,532,0.6666666666666666,10.850151559545965,0.6159478943554851,0.4009321940961614,0.36110328197383856,0.9965548213849262,"[[5.918214334439921e-06, 3.080401219410499e-05, -0.07489434569045507], [-1.9692336851514788e-05, -6.235069138241682e-06, 0.039834036129680304], [0.06747536365462306, -0.04184991147874131, 1.0]]"
IMG_5589.JPG,IMG_5665.JPG,4000,4000,4000,607,380,0.6260296540362438,11.665917285866804,0.7413636489060261,0.4471431792421844,0.4049491193244035,0.9992577788106153,"[[-4.714812328567502e-06, 4.6575863746379336e-06, -0.018798607449196914], [-4.1051267665745626e-06, 5.1948234591061225e-06, -0.01946036319054698], [0.02579910389104346, 0.01204714023200871, 1.0]]"
IMG_5589.JPG,IMG_5674.JPG,4000,4000,4000,505,338,0.6693069306930693,19.058914119263875,0.5405653233786258,0.3533872050402387,0.34221886601767204,0.9980708716983898,"[[1.7047561026938852e-07, -3.5758002185913864e-06, 0.002282091877711036], [3.9555811713732497e-08, 8.450590277452212e-07, -0.01043167861366582], [-0.0005590866810533508, 0.01043077513552118, 1.0]]"
IMG_5598.JPG,IMG_5603.JPG,4000,4000,4000,1357,1132,0.8341930729550479,7.928493928524304,0.3196629436487883,0.3164450148879489,0.26106138332001544,0.9930181307153855,"[[1.435858410299513e-08, 2.4762579257960793e-06, -0.0017214382057133728], [1.1612347615467132e-06, -1.945508762035633e-07, -0.019142642377039717], [-0.0006826181429872447, 0.0172306061955126, 1.0]]"
IMG_5598.JPG,IMG_5607.JPG,4000,4000,4000,797,567,0.7114178168130489,16.488064214365995,0.28895718013672006,0.2367576768233726,0.16779612408524505,0.9904168427939122,"[[-2.165597865067494e-08, 1.9916001524047317e-06, -0.0010517532037608167], [6.359101609576977e-07, 6.820235639693859e-08, -0.007730108024455798], [-0.0003969710558405997, 0.005758090231977311, 0.9999999999999999]]"
IMG_5598.JPG,IMG_5612.JPG,4000,4000,4000,467,340,0.728051391862955,37.61046140675064,0.4762818365706978,0.3549991925739877,0.32171905345701757,0.9823568910326079,"[[3.58579781618346e-08, 1.4201140616208187e-06, -0.000925232845750141], [6.076053265786487e-07, 8.99551441614545e-08, -0.003999490766922471], [-0.0003323263975734435, 0.002388518613061694, 1.0]]"
IMG_5598.JPG,IMG_5617.JPG,4000,4000,4000,379,257,0.6781002638522428,44.84738284150849,0.6025680359014904,0.3912680798655242,0.3597564267836587,0.9918540737153158,"[[2.3701497978892953e-08, 1.1594415551380231e-06, -0.0007191718601221197], [7.231708515575307e-07, 1.112266172160815e-07, -0.0032314918999914698], [-0.0004385440620353723, 0.001741147801152705, 1.0]]"
IMG_5598.JPG,IMG_5620.JPG,4000,4000,4000,260,179,0.6884615384615385,64.05823599869589,0.5134407306716946,0.34139288889253483,0.25306975954070626,0.9700605134460243,"[[6.726404155917175e-08, 1.1146702041228554e-06, -0.0007786641428901917], [6.290094751812815e-07, 8.574809581731217e-08, -0.0025969690547549607], [-0.00037557935171922955, 0.0011639510274943266, 1.0]]"
IMG_5598.JPG,IMG_5626.JPG,4000,4000,4000,215,139,0.6465116279069767,76.54298065720079,0.4990987315636679,0.29793916301894013,0.2520555003634478,0.9885280192785195,"[[7.176380817027566e-08, 1.0489535330117963e-06, -0.0007196463876777136], [7.053277029236821e-07, 1.1549590373310024e-07, -0.002413890899694903], [-0.00043345443904856503, 0.0009867841708360691, 1.0]]"
IMG_5598.JPG,IMG_5632.JPG,4000,4000,4000,182,97,0.532967032967033,65.60423332681829,0.7855088914271062,0.32911115963921483,0.2622781781165423,0.9781504212263202,"[[2.196577274490808e-08, 1.0663530138396142e-06, -0.0006412042810031957], [7.268950929689604e-07, 1.222698562663773e-07, -0.002350728994663556], [-0.0004673208186780153, 0.0008743034365484904, 1.0]]"
IMG_5598.JPG,IMG_5637.JPG,4000,4000,4000,192,121,0.6302083333333334,78.69288652905595,0.7607272465813455,0.4404069298427,0.41757935995688394,0.9819116771978641,"[[-7.168008162120684e-08, 1.2441498655512904e-06, -0.0006669680734742098], [1.0186597843191371e-06, 9.709097326325129e-08, -0.0029695287288591197], [-0.0006718470413717863, 0.0013049121945780903, 1.0]]"
IMG_5598.JPG,IMG_5642.JPG,4000,4000,4000,212,116,0.5471698113207547,62.97348017051086,0.7635953239253956,0.3522836142919181,0.35114354352439286,0.9821861019390034,"[[-2.1069348475771777e-07, 1.1765800774587784e-06, -0.000454268766229469], [1.1619676806461454e-06, 2.5973026836899723e-07, -0.003554816992754925], [-0.0009079989683718256, 0.0017768533583837783, 1.0]]"
IMG_5598.JPG,IMG_5646.JPG,4000,4000,4000,227,139,0.6123348017621145,79.23821374658195,0.6603969224000585,0.36864735286336525,0.35355862133001714,0.9337946170115837,"[[-4.434064825126061e-07, 1.0383435215742435e-06, 0.00015530275608805863], [1.3913814052402022e-06, 5.041871902314277e-07, -0.004414512158784645], [-0.0012569131717746658, 0.0024070802900166724, 1.0]]"
IMG_5598.JPG,IMG_5651.JPG,4000,4000,4000,374,192,0.5133689839572193,66.00291870252727,0.9854119494475083,0.40439132062040445,0.3692741839175439,0.999056819486652,"[[-6.07727611577348e-07, 1.921482742339965e-07, 0.0015348294962806276], [1.054525548286568e-06, 9.000122579258505e-07, -0.004550984374592151], [-0.0017234070797781018, 0.002735364040476554, 1.0]]"
IMG_5598.JPG,IMG_5655.JPG,4000,4000,4000,395,256,0.6481012658227848,65.85184054223026,0.5923397754702451,0.36667663509952797,0.3207120392883319,0.9931268036675754,"[[-1.9154823080612175e-06, -3.090250225767578e-07, 0.006192224921464796], [2.3552157312075103e-06, 2.0396321396238022e-06, -0.010962802150868159], [-0.0055727684548980685, 0.007533079732270506, 1.0]]"
IMG_5598.JPG,IMG_5661.JPG,4000,4000,4000,800,616,0.77,19.495229609317164,0.37838766920388167,0.3320229408352746,0.25973635669688233,0.992129992257573,"[[2.650316352744918e-06, -5.260813086711152e-06, 0.015123556599070722], [3.2676331902424684e-06, -2.0367477021020352e-06, 0.006926878263368139], [-0.018120833873996406, -0.0036690566853453755, 1.0]]"
IMG_5598.JPG,IMG_5665.JPG,4000,4000,4000,294,181,0.6156462585034014,61.09032731700258,0.7719157982123674,0.46287169363033265,0.49064767585120356,0.9890088682978131,"[[2.591707274837284e-06, 1.9573938840002926e-06, 0.0016981533516793428], [2.281588210446212e-06, -2.8547860307254487e-06, 0.010780084897047406], [-0.007979322572674242, -0.00909719931129973, 1.0]]"
IMG_5598.JPG,IMG_5674.JPG,4000,4000,4000,226,138,0.6106194690265486,58.83968809270551,0.6441111215690387,0.3467034651141269,0.29217481166330067,0.9975061110732971,"[[7.858203693810338e-07, -1.2531588601023267e-05, 0.007371700853997665], [-5.842031737689656e-06, 2.5507029847814796e-06, -0.02633690216413396], [0.0023628213623543537, 0.02969200987565021, 1.0]]"
IMG_5603.JPG,IMG_5607.JPG,4000,4000,4000,1544,1262,0.8173575129533679,4.39725215961197,0.45320491956690045,0.38617580855045397,0.36254703164352203,0.99106635497318,"[[7.673947664972974e-08, 3.165786503497293e-06, -0.0019800927605161727], [-1.3965635146173255e-06, 2.451013264065733e-07, -0.009957384556631076], [0.0010623874288674135, 0.008084534161677757, 0.9999999999999999]]"
IMG_5603.JPG,IMG_5612.JPG,4000,4000,4000,880,678,0.7704545454545455,6.102514492806199,0.37495053444436033,0.2991740047359661,0.23197573213437586,0.999038351593419,"[[6.536545495493754e-08, 1.5645656650722852e-06, -0.001053857822130611], [1.4868675846902529e-07, 1.4134600277151303e-07, -0.004970453464186355], [4.6010116753382e-05, 0.003414598680304734, 1.0]]"
IMG_5603.JPG,IMG_5617.JPG,4000,4000,4000,601,460,0.7653910149750416,17.355206329193596,0.4012075170591923,0.32485057567807946,0.27136925507312337,0.9949429131723218,"[[9.37598533377803e-08, 1.161851641679438e-06, -0.0008624542601302349], [3.2202609105758584e-07, 1.6947390573465057e-07, -0.0034229131497518785], [-7.064469820791345e-05, 0.002028614705182607, 1.0]]"
IMG_5603.JPG,IMG_5620.JPG,4000,4000,4000,365,243,0.6657534246575343,31.429258753141696,0.5233859578910388,0.3556374754085734,0.32886833367180146,0.9620126736688229,"[[8.973984746235919e-08, 1.1355130285143925e-06, -0.0008152422159962519], [4.155738248106036e-07, 1.1607574644229839e-07, -0.0029996857819688805], [-0.000173028129717082, 0.0016022367478558384, 1.0]]"
IMG_5603.JPG,IMG_5626.JPG,4000,4000,4000,303,223,0.735973597359736,41.38409549032403,0.3496604781218934,0.28437329799429223,0.24301300314499105,0.950972513356707,"[[1.0692546377900511e-07, 1.001765818538181e-06, -0.000754602399903854], [5.217638134932389e-07, 1.293943559382161e-07, -0.0026176581996852897], [-0.0002589520498637336, 0.0012730476537301807, 1.0]]"
IMG_5603.JPG,IMG_5632.JPG,4000,4000,4000,218,125,0.573394495412844,51.41957255178808,0.741142471488847,0.3542382914903305,0.29016906345982535,0.9796121885545745,"[[7.584354548519372e-08, 1.039929598085186e-06, -0.0007164853336820946], [3.9514720065857875e-07, 1.825159327435136e-07, -0.0022589030782489325], [-0.00022200098324801768, 0.000853256035403232, 1.0]]"
IMG_5603.JPG,IMG_5637.JPG,4000,4000,4000,220,127,0.5772727272727273,64.34738383487137,0.5942304707063009,0.31136357096815787,0.26362739919459843,0.998400061989392,"[[-3.690111210035888e-08, 1.2560899339368078e-06, -0.0006762831404753124], [6.810498102426757e-07, 1.7457689998270102e-07, -0.0031507102725672666], [-0.00045044197128932983, 0.001503995260272525, 1.0]]"
IMG_5603.JPG,IMG_5642.JPG,4000,4000,4000,257,169,0.6575875486381323,53.9174529474482,0.47305128926622425,0.28632078325692045,0.1810028021478299,0.9815952691664658,"[[-2.356610057973356e-07, 1.0944235504500853e-06, -0.00021842674641672893], [9.588583967738613e-07, 3.411053595354527e-07, -0.0040912641993328105], [-0.0008719092389589681, 0.0023085492847232936, 1.0]]"
IMG_5603.JPG,IMG_5646.JPG,4000,4000,4000,356,260,0.7303370786516854,62.51731118819759,0.4405651327082414,0.3446479094729941,0.3127368891839549,0.9719096909770887,"[[-4.6090395660430365e-07, 8.215863549851533e-07, 0.000672133466417712], [1.23038013276019e-06, 6.240377506770598e-07, -0.0052828786506491955], [-0.0013828387515498176, 0.003285934615333718, 1.0]]"
IMG_5603.JPG,IMG_5651.JPG,4000,4000,4000,535,347,0.6485981308411215,25.494338003108485,0.45382899045961644,0.2977189519303214,0.24000473761151744,0.99698043981024,"[[-5.768513084477201e-07, -4.6162045912530407e-07, 0.0028267448881128593], [9.452879821380104e-07, 1.0206261508161404e-06, -0.005155777765104588], [-0.002462905887278697, 0.0036138030657938145, 1.0]]"
IMG_5603.JPG,IMG_5655.JPG,4000,4000,4000,704,543,0.7713068181818182,19.528010058549544,0.5117854885394436,0.4256113534828317,0.401177512691418,0.9987207725565134,"[[4.077912287686392e-05, 7.235780584372878e-05, -0.27759274547744284], [-5.442412829952512e-05, -4.423016584882849e-05, 0.2380180292282546], [0.22517867626117527, -0.2065189342561679, 0.9999999999999999]]"
IMG_5603.JPG,IMG_5661.JPG,4000,4000,4000,417,300,0.7194244604316546,34.974537485284834,0.4497610353951694,0.34186316210782186,0.279483419686252,0.9937701074790365,"[[1.8762279501184007e-06, -9.166027083179159e-07, 0.004089105549107541], [2.2444026993963786e-06, -1.828707768440175e-06, 0.006375066167256507], [-0.007842504034877858, -0.005098459475346813, 1.0]]"
IMG_5603.JPG,IMG_5665.JPG,4000,4000,4000,149,86,0.5771812080536913,103.64211977662866,0.6314526388416573,0.2955008486641466,0.24285877068685596,0.8849699463220962,"[[1.5026286388692372e-06, 2.387812473467765e-06, -0.0007819416421792403], [2.1060240795975106e-06, -1.8942285061285788e-06, 0.006522243958648514], [-0.004488426131120866, -0.006213626938970477, 0.9999999999999999]]"
IMG_5603.JPG,IMG_5674.JPG,4000,4000,4000,120,43,0.35833333333333334,147.81379144722922,13.747449673396398,0.2675076239024874,0.2023447394350462,0.9858379599486942,"[[6.741689888302874e-07, 1.3281763507465075e-06, -0.0002567465675844283], [3.0643100363377404e-06, -4.998695583711289e-07, 0.0038853919464497616], [-0.0029676824641551415, -0.005678165841422264, 1.0]]"
IMG_5607.JPG,IMG_5612.JPG,4000,4000,4000,1467,1210,0.8248125426039536,5.766405313324667,0.3493998176552834,0.33076531529537373,0.2711323504584452,0.9896774780195162,"[[6.842850544162473e-08, 1.6490808174733046e-06, -0.0013909632866298434], [-1.096439695477164e-07, 1.248088955230789e-07, -0.008074318747112038], [0.0003758273641138882, 0.006736818105623951, 1.0]]"
IMG_5607.JPG,IMG_5617.JPG,4000,4000,4000,953,696,0.7303252885624344,11.2990258832159,0.43772386281152664,0.3401453676473349,0.28913645551358425,0.9882305756152975,"[[6.994182627620272e-08, 1.0808454574398707e-06, -0.0008889558277454735], [2.9326176489299043e-07, 1.7665191123498788e-07, -0.004752811730897197], [-1.085797533199846e-05, 0.003493166015518483, 1.0]]"
IMG_5607.JPG,IMG_5620.JPG,4000,4000,4000,654,480,0.7339449541284404,15.066676727206751,0.5080068049711886,0.38035728079023207,0.34748091550745763,0.9877142183162868,"[[7.481210109107712e-08, 1.1739963476822953e-06, -0.0009293428217802568], [2.24160937934502e-07, 1.4317185102583405e-07, -0.0035576869167516377], [-3.010306189056501e-05, 0.002260312824881776, 1.0]]"
IMG_5607.JPG,IMG_5626.JPG,4000,4000,4000,466,328,0.703862660944206,32.48045044708211,0.626178648531881,0.4462009800181013,0.43113620430832217,0.9841551637287314,"[[7.177859899410728e-08, 1.017569207892214e-06, -0.0007747602680076573], [4.18453840174476e-07, 1.6866780542931822e-07, -0.0031320489293610214], [-0.00019463347059707698, 0.0018229550400838727, 1.0]]"
IMG_5607.JPG,IMG_5632.JPG,4000,4000,4000,338,233,0.6893491124260355,28.89767563145096,0.46914467870651133,0.3384002670286134,0.2814415327866864,0.9497594614503841,"[[4.372628534233852e-08, 1.0498828957088025e-06, -0.000710895012950855], [3.232992482373729e-07, 1.9709361443077307e-07, -0.0027206466796002105], [-0.00017688756306892813, 0.001349913068698619, 1.0]]"
IMG_5607.JPG,IMG_5637.JPG,4000,4000,4000,338,209,0.6183431952662722,38.40757440467246,0.483834578729667,0.2889135141471629,0.2389739680389459,0.9547804831924277,"[[-1.3693838631726448e-07, 1.286321149097e-06, -0.0004749675429275518], [7.124886537911005e-07, 2.0732296171067435e-07, -0.004224851075999989], [-0.0006114621774727557, 0.002527837804527779, 1.0]]"
IMG_5607.JPG,IMG_5642.JPG,4000,4000,4000,447,292,0.6532438478747203,32.719137351402374,0.47262089334259594,0.3093139175057282,0.25178992827534413,0.991222322526207,"[[-3.289481986420943e-07, 8.738386463480223e-07, 0.00031698776412589837], [9.600572899758784e-07, 4.304250958598221e-07, -0.005175761004220413], [-0.0012348724324245139, 0.0034136129842451796, 1.0]]"
IMG_5607.JPG,IMG_5646.JPG,4000,4000,4000,562,403,0.7170818505338078,38.788431221838124,0.48522712335795976,0.3644433455253473,0.32417846151224644,0.9868199239954834,"[[-5.334736027859771e-07, 3.9290692769729643e-07, 0.0016506754956164744], [1.1167135041525798e-06, 7.734654166088775e-07, -0.006273112090120218], [-0.002005714753421442, 0.004425849684371799, 1.0]]"
IMG_5607.JPG,IMG_5651.JPG,4000,4000,4000,824,463,0.5618932038834952,24.79754544242227,0.7769653718247684,0.3690104003761702,0.31726034507246703,0.9981431804235402,"[[-3.108317382132651e-07, -1.6743589005665496e-06, 0.004557019772438226], [1.145727856674373e-06, 8.484793056258833e-07, -0.004746039625223612], [-0.004053850565378844, 0.003973756483632576, 1.0]]"
IMG_5607.JPG,IMG_5655.JPG,4000,4000,4000,1016,620,0.610236220472441,17.001291031113414,0.6522234493994583,0.3638545716961699,0.3044043402552019,0.9982520278488376,"[[-3.921313858719174e-06, -0.00015602362234312542, 0.3907091697168399], [8.580852025412066e-05, 1.1185915869383187e-05, -0.11190684951650112], [-0.3692557242960973, 0.14567777448429978, 1.0]]"
IMG_5607.JPG,IMG_5661.JPG,4000,4000,4000,310,205,0.6612903225806451,61.76892599402319,0.5374486318120482,0.3368744710965671,0.2562235903614017,0.9911854099937357,"[[8.302098399782342e-07, -6.800672542542332e-08, 0.0008316313930182373], [1.5639019632130025e-06, -7.71096972199477e-07, 0.002476101741325409], [-0.0031753287366351763, -0.002695499916613307, 0.9999999999999999]]"
IMG_5607.JPG,IMG_5665.JPG,4000,4000,4000,161,97,0.6024844720496895,89.87187741317572,0.6103774236667555,0.29791828584650987,0.1798930372578496,0.991438233488559,"[[8.551732816966284e-07, 2.5444789174279613e-06, -0.0015360745461177978], [1.6454454256526858e-06, -1.3413226218482454e-06, 0.004265961644209108], [-0.002646547473810031, -0.004632431744106274, 1.0]]"
IMG_5607.JPG,IMG_5674.JPG,4000,4000,4000,120,48,0.4,133.67374513638876,5.744141433992423,0.24982259689956776,0.19391802112320405,0.8573809385309091,"[[-7.14358350936664e-07, 7.383567312862791e-06, -0.004146146327598532], [4.986290266862308e-06, -1.44522309747962e-06, 0.008665203595859334], [-0.002506083292539376, -0.01250408200380429, 0.9999999999999999]]"
IMG_5612.JPG,IMG_5617.JPG,4000,4000,4000,1605,1456,0.907165109034268,4.343796910800992,0.23455141936897844,0.28004479248025915,0.2106141730209202,0.9815509613031403,"[[7.042055848482169e-08, 1.3767038839367012e-06, -0.0014031699872728961], [-2.0391224323877717e-07, 2.5088457065362683e-07, -0.010245188932340887], [0.0006840430235221376, 0.00904028178376504, 0.9999999999999999]]"
IMG_5612.JPG,IMG_5620.JPG,4000,4000,4000,1183,943,0.7971259509721048,6.3044123700669825,0.3978006560765163,0.34052287141535315,0.29289208799038824,0.9916383845191264,"[[7.101644459429727e-08, 1.6880795043757222e-06, -0.0013954519975695036], [-3.632838590105164e-07, 1.5892796113010333e-07, -0.005702970331302566], [0.000494368319576266, 0.0044137726515402625, 1.0]]"
IMG_5612.JPG,IMG_5626.JPG,4000,4000,4000,828,677,0.8176328502415459,12.391665895613926,0.32492420369880437,0.303895030363556,0.24610103255162497,0.9893444919766039,"[[7.493709397996004e-08, 1.1994560479409465e-06, -0.0009847758352302812], [1.5726669021654277e-07, 1.9013274921193142e-07, -0.004482111527029754], [7.71372475071602e-05, 0.0031747406563563847, 1.0]]"
IMG_5612.JPG,IMG_5632.JPG,4000,4000,4000,580,458,0.7896551724137931,12.040412990143475,0.4108736770872089,0.354995183017883,0.3190783617116746,0.9949376395322748,"[[1.9609212886309993e-08, 1.187317067693664e-06, -0.0007811286374269299], [1.0895093493698884e-07, 1.9012994850381297e-07, -0.003565672681902796], [-3.899798691934452e-05, 0.0022179241655476893, 1.0]]"
IMG_5612.JPG,IMG_5637.JPG,4000,4000,4000,581,420,0.7228915662650602,16.872354550726566,0.4338649465478492,0.3301575765910554,0.29572402417907206,0.9664781446973595,"[[-2.2945616910273863e-07, 1.6466056006242686e-06, -0.00024519017399174273], [4.2469079515755183e-07, 2.938604170296922e-07, -0.006501935302057636], [-0.0007588887179004561, 0.004575921813213952, 1.0]]"
IMG_5612.JPG,IMG_5642.JPG,4000,4000,4000,627,496,0.7910685805422647,16.754028076107353,0.3906178419872298,0.3353261552306313,0.24669172477526197,0.9830420606785688,"[[-3.873451964601497e-07, 6.779371321867906e-07, 0.0013238443378113757], [7.00583320699089e-07, 5.491978413321607e-07, -0.007156279545402516], [-0.0019148074421591937, 0.0054184098075693915, 1.0]]"
IMG_5612.JPG,IMG_5646.JPG,4000,4000,4000,682,513,0.7521994134897361,23.33743327946932,0.3901615060104045,0.32126191266717974,0.27246961582166124,0.947920374608861,"[[-4.11687405576262e-07, -4.129595074503226e-07, 0.0034616864453666215], [9.427047573979408e-07, 8.388500774474791e-07, -0.007626963313985571], [-0.003279961832435634, 0.0061757298573426106, 1.0]]"
IMG_5612.JPG,IMG_5651.JPG,4000,4000,4000,817,498,0.609547123623011,13.826706172369919,0.6960628619746813,0.4276267419171319,0.43403008194053583,0.9888642982191722,"[[4.7502745726626933e-07, -2.3184579666532213e-06, 0.005537885148044733], [1.1009879252278996e-06, 1.993095349513173e-07, -0.00188251139655782], [-0.005614353434544734, 0.0022398759658072706, 1.0]]"
IMG_5612.JPG,IMG_5655.JPG,4000,4000,4000,819,544,0.6642246642246642,23.733562415193276,0.5072032627169202,0.35281424185779925,0.30140263743262186,0.9708093261263849,"[[1.3934980888575242e-06, -4.08186979838057e-06, 0.009477949135060103], [3.266443512780162e-06, -1.3098532886420763e-06, 0.003946348732859019], [-0.01171983286151412, -0.002152327186269982, 0.9999999999999999]]"
IMG_5612.JPG,IMG_5661.JPG,4000,4000,4000,261,162,0.6206896551724138,57.99229272666919,0.6506721614853185,0.3648030364553311,0.30276842036820445,0.9722980962544007,"[[5.800592564545579e-07, 4.4457925894634807e-07, -5.384108493805701e-05], [1.2167311408164932e-06, -5.539586799655583e-07, 0.0017150022421949177], [-0.0020370789941354037, -0.002220744904260011, 1.0]]"
IMG_5612.JPG,IMG_5665.JPG,4000,4000,4000,217,145,0.6682027649769585,85.94683275709308,0.4687154100233671,0.28498956835303657,0.19021561597703893,0.9966775171339914,"[[4.916123683318264e-07, 1.2407165164452965e-06, -0.000867360227308864], [1.2535455591741779e-06, -5.864480054479108e-07, 0.0015878703405427844], [-0.001658416408193782, -0.0022845364882155446, 0.9999999999999999]]"
IMG_5612.JPG,IMG_5674.JPG,4000,4000,4000,123,75,0.6097560975609756,119.16620889231463,0.3688287760952937,0.21626261549167733,0.16681163150946168,0.7637219066369636,"[[4.8978907074781675e-06, -1.5412799176934906e-05, 0.008881478427023392], [-4.97711612551332e-06, 2.070976059721304e-06, -0.01243071668035964], [-0.0012778874526892332, 0.01725983268419024, 0.9999999999999999]]"
IMG_5617.JPG,IMG_5620.JPG,4000,4000,4000,1726,1287,0.7456546929316339,4.776661681368153,0.3913541936903774,0.3096239586069245,0.26606320749825896,0.9810520426145753,"[[3.922935394303918e-08, 2.472684953473855e-06, -0.0021063511991636008], [-2.4999107109019085e-07, -3.490476993041995e-07, -0.019463407467431307], [0.0004961529970812478, 0.018323005259437062, 1.0]]"
IMG_5617.JPG,IMG_5626.JPG,4000,4000,4000,1304,1097,0.8412576687116564,8.056947577959464,0.23335580662826522,0.24970143702825906,0.18325418838742416,0.980019698010129,"[[7.161868391436486e-08, 1.780962792018744e-06, -0.0015459734157218668], [-3.1888909850757176e-07, 1.3123918242670383e-07, -0.0070437516414357075], [0.0005076710670229086, 0.005702724042335356, 1.0]]"
IMG_5617.JPG,IMG_5632.JPG,4000,4000,4000,887,721,0.8128523111612176,6.607777668603505,0.43270488489894576,0.36917109458545827,0.315841218531394,0.9951595075758782,"[[-1.3507013699542424e-08, 1.6930290923593836e-06, -0.0010375360385649396], [-3.2169722838472187e-07, 1.517499222437895e-07, -0.004970361807033515], [0.00018061727732356382, 0.0035586033904178153, 1.0]]"
